 Created on  1Dec2019 at 16:53:37 
     4     4     4
    64    20
   25.000000
   -0.397550    0.791131    0.464829
   -0.690217   -0.601209    0.402676
   -0.904666   -0.349287    0.244085
   -0.481370   -0.109803    0.869613
   -0.517756   -0.014772    0.855401
   -0.519367    0.060206    0.852428
   -0.701903   -0.706093    0.093624
   -0.549922   -0.696879    0.460374
   -0.497856   -0.865931    0.047981
   -0.677082   -0.684438    0.270379
   -0.736061   -0.580093    0.348864
   -0.541781   -0.756846    0.365592
   -0.218206   -0.792571    0.569401
   -0.142830   -0.930499    0.337300
   -0.629410   -0.520100    0.577355
    0.641014   -0.568037    0.516173
   -0.170650   -0.751724    0.637016
   -0.683218   -0.509736    0.522860
   -0.734503   -0.636878    0.234290
   -0.076373   -0.828084    0.555378
   -0.042216   -0.837390    0.544973
   -0.564514   -0.819968    0.094747
   -0.580296   -0.814387    0.005558
   -0.279249   -0.947911   -0.153245
   -0.112753   -0.901335    0.418188
   -0.883537   -0.416534    0.214151
   -0.708896   -0.589976   -0.386516
   -0.214236   -0.948245   -0.234381
   -0.346589   -0.834942    0.427490
   -0.124328   -0.771624    0.623810
   -0.312002   -0.949095   -0.043286
   -0.349552   -0.577812   -0.737527
   -0.033204   -0.777547   -0.627947
   -0.490142   -0.676282   -0.549912
    0.047096   -0.905225   -0.422315
   -0.188391   -0.911246   -0.366251
   -0.520666   -0.850433    0.075307
   -0.865419   -0.468930    0.176509
   -0.664863   -0.716287    0.211872
    0.200245   -0.907413    0.369464
   -0.554735   -0.664644    0.500517
   -0.832867   -0.480561    0.274579
   -0.662330   -0.582987   -0.470579
    0.153186   -0.893949    0.421176
    0.075301   -0.942806   -0.324727
   -0.695445   -0.475975    0.538334
   -0.324842   -0.940186   -0.102605
    0.023408   -0.996290   -0.082818
   -0.009137   -0.794059    0.607772
    0.163559   -0.923078    0.348101
   -0.462595   -0.820707   -0.335331
   -0.620667   -0.701299   -0.350647
   -0.678743   -0.602162    0.420367
   -0.575494   -0.316335    0.754148
   -0.437034   -0.709734   -0.552520
   -0.050510   -0.966587    0.251314
   -0.596767   -0.733284   -0.325828
   -0.725967   -0.512686    0.458394
   -0.998140    0.034486    0.050271
   -0.859194   -0.490370    0.146023
   -0.803379   -0.474297    0.360034
   -0.606029   -0.530121    0.593044
   -0.500869   -0.216747    0.837945
   -0.493992   -0.617705    0.611892
   27.631579
   -0.165778   -0.603225   -0.780152
    0.088231   -0.988915   -0.119423
    0.328013   -0.380817   -0.864515
    0.775739    0.046983   -0.629302
    0.701251   -0.698832   -0.140998
    0.835997   -0.257183   -0.484732
    0.565679   -0.327315   -0.756883
    0.418448   -0.700594   -0.577987
    0.262060   -0.821869   -0.505822
    0.812346   -0.388002   -0.435372
    0.484851   -0.642118   -0.593805
    0.612228   -0.434374   -0.660679
    0.461727   -0.267394   -0.845759
    0.321915   -0.351123   -0.879252
    0.491604   -0.140269   -0.859448
    0.547437   -0.539880   -0.639409
    0.058237   -0.531466   -0.845075
    0.527505   -0.532117   -0.662261
    0.692247   -0.718459   -0.067906
    0.918286   -0.298631   -0.259943
    0.251756   -0.223901   -0.941535
    0.490435   -0.660352   -0.568691
    0.974810    0.181598   -0.129493
    0.857819    0.244987   -0.451805
   -0.116323   -0.897030   -0.426388
    0.305997   -0.941860   -0.138802
    0.017402    0.031621   -0.999348
    0.699896   -0.713767    0.026126
    0.023432   -0.751657   -0.659137
    0.600212   -0.710103   -0.368101
   -0.323810   -0.894171   -0.309202
    0.622264   -0.762755   -0.176047
   -0.115293   -0.750213   -0.651067
    0.588736   -0.710448   -0.385555
    0.723952   -0.484001   -0.491566
    0.765022   -0.422022   -0.486456
    0.066687   -0.627025   -0.776140
    0.083694   -0.914272    0.396361
    0.834533   -0.465136   -0.295301
    0.339101   -0.175503   -0.924235
    0.017551   -0.921829   -0.387199
    0.367628   -0.803883   -0.467571
    0.717781   -0.609851   -0.335965
    0.219666    0.123289   -0.967753
    0.510067   -0.794267   -0.330109
   -0.047204   -0.661040   -0.748865
    0.344860   -0.797082   -0.495713
    0.594777   -0.485309   -0.640871
    0.462583   -0.371819   -0.804840
    0.078139   -0.961889   -0.262037
    0.349208    0.173851   -0.920777
    0.520561   -0.154342   -0.839759
    0.287742   -0.188199   -0.939035
    0.652545   -0.071912   -0.754330
    0.177509   -0.973620    0.143371
    0.115536   -0.829254   -0.546798
   -0.249901   -0.228638   -0.940890
    0.918689   -0.328348   -0.219539
    0.696059   -0.681125    0.227092
    0.334067   -0.699259   -0.632010
    0.771307   -0.130539   -0.622933
    0.378912   -0.777359   -0.502134
    0.685567   -0.455217   -0.568134
    0.480485   -0.014886   -0.876877
   30.263158
   -0.886581   -0.376742    0.268402
   -0.981385    0.165265    0.097827
   -0.218273   -0.961200   -0.168675
   -0.456892   -0.830915   -0.317536
   -0.788564   -0.337287   -0.514203
   -0.492568   -0.543605   -0.679611
    0.209459   -0.782538   -0.586312
   -0.604982   -0.795345    0.037724
   -0.645972   -0.589860   -0.484546
   -0.698631   -0.665145   -0.263621
   -0.910541   -0.270753   -0.312424
   -0.871700   -0.450550   -0.192725
   -0.815506   -0.380981    0.435664
   -0.285968   -0.957990    0.021868
   -0.653856    0.040059    0.755558
   -0.743085   -0.597038    0.302275
   -0.401864   -0.358219   -0.842725
   -0.720392    0.159855   -0.674894
   -0.344449    0.164582   -0.924266
   -0.117563   -0.145020   -0.982420
   -0.390669   -0.464085   -0.794986
   -0.181825   -0.585023   -0.790372
    0.213156   -0.678162   -0.703321
   -0.462630   -0.349830   -0.814612
   -0.710655   -0.388488   -0.586555
   -0.654744   -0.581261   -0.483163
    0.066445   -0.732169   -0.677874
   -0.513215   -0.358451   -0.779823
   -0.714433   -0.290318   -0.636633
   -0.990902   -0.034702   -0.130034
   -0.997802    0.038061   -0.054241
   -0.712391    0.155745   -0.684282
   -0.839092    0.216039   -0.499252
   -0.507904    0.586031   -0.631348
   -0.384336    0.918786    0.090100
   -0.897468   -0.095108   -0.430705
   -0.710664   -0.504093   -0.490762
    0.047196   -0.967798   -0.247263
   -0.735454   -0.579297   -0.351457
   -0.765664   -0.606868    0.213237
   -0.836667   -0.356520    0.415790
   -0.763289   -0.581277   -0.281969
   -0.835364   -0.302285    0.459119
   -0.557107   -0.670901   -0.489411
   -0.715560   -0.682964    0.146747
   -0.428700   -0.182279   -0.884868
   -0.961510    0.143464    0.234342
   -0.992949   -0.091845   -0.074943
   -0.762029   -0.574216    0.299312
   -0.845171   -0.476643    0.241862
   -0.723454   -0.048942   -0.688636
   -0.927785    0.369481   -0.051948
   -0.746722   -0.102153   -0.657245
   -0.865516   -0.499218    0.040793
   -0.663710   -0.497273   -0.558756
   -0.977148   -0.211287   -0.023251
   -0.745539   -0.651633   -0.139808
   -0.824979   -0.559722   -0.078238
   -0.984740    0.164334   -0.057277
   -0.746533   -0.658553    0.094850
   -0.748234   -0.611037   -0.258419
   -0.953433   -0.281518   -0.108228
   -0.971387   -0.197891    0.131328
   -0.927232   -0.347394    0.139852
   32.894737
    0.277593    0.957880   -0.073541
   -0.113069    0.971383    0.208879
    0.239013    0.744232   -0.623691
    0.296119    0.662789   -0.687768
    0.671799    0.456658   -0.583224
    0.292082    0.955892   -0.030976
    0.025582    0.350942   -0.936048
    0.064985    0.748344   -0.660120
    0.489205    0.433299   -0.756922
    0.393903   -0.178309   -0.901691
    0.241030    0.559142   -0.793262
    0.482978    0.160409   -0.860815
    0.350933    0.936380    0.006235
   -0.524484    0.788973   -0.320059
    0.606620    0.794783   -0.018257
    0.305642    0.951258   -0.041116
    0.247157    0.231943   -0.940806
    0.476969   -0.074230   -0.875780
    0.687191    0.505167   -0.522086
    0.213639   -0.091021   -0.972663
    0.257649    0.608129   -0.750864
    0.691289    0.565915   -0.449287
    0.318371    0.802752   -0.504212
   -0.144733    0.718204   -0.680614
    0.663407    0.174258   -0.727685
   -0.144646    0.851706   -0.503661
    0.764842    0.465663   -0.445168
    0.256283    0.046412   -0.965487
    0.223282    0.377920   -0.898511
   -0.282140    0.959373    0.000579
    0.984506   -0.002983   -0.175324
   -0.063195    0.889911   -0.451734
   -0.662060    0.503124   -0.555466
    0.654832    0.342406   -0.673761
    0.476551    0.219248   -0.851369
   -0.490275    0.104560   -0.865273
    0.077060    0.027266   -0.996654
    0.546663    0.814166   -0.195688
    0.525592    0.827763   -0.196371
   -0.150375    0.731384   -0.665180
    0.432897    0.573967   -0.695099
   -0.030518    0.399757   -0.916113
    0.717363    0.058647   -0.694226
    0.817357    0.469074   -0.334509
    0.351799    0.415400   -0.838856
    0.245799    0.873290   -0.420650
    0.544978    0.281005   -0.789959
    0.278029    0.516820   -0.809689
   -0.400524    0.910682   -0.101186
    0.337154    0.046962   -0.940277
    0.412594    0.427475   -0.804382
   -0.067461    0.588969   -0.805335
   -0.086237    0.524314   -0.847147
    0.987577    0.009141   -0.156867
    0.809928    0.585289   -0.038112
    0.486593    0.816715    0.310168
    0.446538    0.893872   -0.039955
    0.792256    0.069318   -0.606239
    0.705280    0.656294   -0.268062
    0.341740    0.160615   -0.925968
   -0.002889    0.961672    0.274187
    0.136949    0.784238   -0.605157
    0.302620    0.215533   -0.928422
    0.240932    0.736578   -0.631984
   35.526316
   -0.078214    0.302854    0.949822
    0.232978    0.788834    0.568738
   -0.452633    0.848435   -0.274374
   -0.986633    0.012824   -0.162455
   -0.665768    0.112588    0.737616
   -0.803212    0.532648    0.266716
   -0.751767    0.484549    0.447279
   -0.724751    0.652625   -0.220944
   -0.898267    0.358094    0.254726
   -0.824909    0.471910   -0.311168
   -0.024222    0.999617   -0.013367
   -0.799285   -0.073245   -0.596471
   -0.765230    0.142319    0.627829
   -0.912625    0.377253    0.157468
   -0.515508    0.058749   -0.854868
   -0.682628   -0.505161    0.528046
   -0.751071    0.561116    0.347910
   -0.697496    0.450978    0.556882
    0.477671    0.315530    0.819921
   -0.717647    0.542488    0.436680
   -0.793682   -0.397773    0.460268
   -0.823957    0.280599    0.492300
   -0.456446    0.628136    0.630160
   -0.715407    0.531738    0.453264
   -0.925339    0.362649    0.110605
   -0.914256   -0.078065    0.397544
   -0.478058    0.346696   -0.807008
   -0.714479    0.028785   -0.699065
   -0.454606    0.739071   -0.497099
   -0.834359    0.551191    0.005826
   -0.103748    0.739543   -0.665066
   -0.569383    0.804095   -0.170981
   -0.696235    0.694696    0.180707
   -0.106159    0.584853   -0.804162
   -0.612953    0.567425    0.549834
   -0.841092    0.423953    0.335900
   -0.359922    0.760442    0.540541
   -0.330506    0.932332    0.146709
   -0.732989    0.640863    0.228085
   -0.483535    0.840391    0.244821
   -0.907546   -0.297286    0.296617
   -0.848845    0.395566   -0.350700
   -0.443220    0.808640   -0.386857
   -0.783807    0.601402   -0.154798
   -0.738527    0.630730   -0.238239
    0.219476    0.924830   -0.310677
   -0.156598    0.965439   -0.208339
   -0.754431    0.656352   -0.005986
   -0.602754    0.579802    0.548195
    0.151552    0.931930   -0.329453
   -0.479636    0.779243    0.403398
   -0.649957    0.758337    0.049808
   -0.632511    0.772867    0.051053
    0.210729    0.877406    0.430989
   -0.758682    0.364784   -0.539754
   -0.835577    0.407083   -0.368910
   -0.832585    0.550244    0.063512
   -0.439300    0.812353    0.383534
   -0.578401    0.744835   -0.332676
   -0.605324    0.770064   -0.201457
   -0.651034    0.513695   -0.558813
    0.007435    0.757555   -0.652729
   -0.277251    0.682464   -0.676295
   -0.988218    0.151389   -0.022525
   38.157895
   -0.094629    0.695658   -0.712113
    0.441726    0.820087    0.363779
    0.641804   -0.763648   -0.070214
    0.785736   -0.031456   -0.617761
    0.364510    0.931155   -0.009128
    0.561709   -0.821615   -0.097121
    0.697796   -0.149048   -0.700618
    0.460867    0.873560   -0.156510
    0.284982    0.232354   -0.929944
    0.637184   -0.712546   -0.293726
    0.853084   -0.432425    0.291986
    0.337478   -0.286521   -0.896668
   -0.080830    0.554514   -0.828240
    0.610291   -0.659215   -0.439296
   -0.102243   -0.046086   -0.993691
    0.449177   -0.180352   -0.875050
    0.976333   -0.049654   -0.210494
    0.746302    0.199270   -0.635079
    0.762171    0.420821   -0.491940
    0.819167   -0.016342   -0.573322
    0.874147    0.089303   -0.477381
    0.541485   -0.582634    0.606078
    0.669982   -0.190025   -0.717645
    0.828616    0.111081   -0.548687
    0.194870    0.028125   -0.980426
    0.948832    0.087444   -0.303433
    0.798189   -0.010891   -0.602309
    0.816286   -0.573714   -0.067301
    0.777244    0.592325   -0.212231
    0.578205    0.298399   -0.759366
    0.590613    0.650016   -0.478180
    0.355652    0.932363   -0.064896
    0.124486    0.742228   -0.658484
    0.437357    0.736590   -0.515901
   -0.302673    0.953003    0.013242
    0.263707    0.465719   -0.844727
    0.012717   -0.651948   -0.758157
    0.962335    0.110760    0.248283
    0.896979    0.384613    0.217949
    0.075444   -0.680132   -0.729197
    0.108903    0.063265   -0.992037
    0.424654    0.531578   -0.732867
    0.787277    0.229268   -0.572390
    0.906625   -0.217535   -0.361538
   -0.259693    0.029534   -0.965239
   -0.710474    0.275281   -0.647648
   -0.565402    0.766241   -0.305279
   -0.455920   -0.020459   -0.889786
    0.604790    0.647505   -0.463644
   -0.123698    0.095185   -0.987744
    0.026025   -0.173789   -0.984439
    0.829536    0.207156   -0.518610
    0.698005    0.183266   -0.692244
   -0.361993    0.315223   -0.877266
    0.843560    0.043493   -0.535272
    0.510379    0.600031   -0.616016
    0.117083    0.501082   -0.857443
    0.396269    0.498979   -0.770708
    0.119916   -0.102516   -0.987477
    0.586593    0.387395   -0.711220
    0.408316    0.747981   -0.523261
   -0.537239   -0.537586   -0.649905
    0.259992   -0.362827   -0.894853
   -0.593292   -0.799666   -0.092406
   40.789474
   -0.563193    0.537085   -0.627976
   -0.237007    0.381449   -0.893490
   -0.406132   -0.056774   -0.912049
   -0.946470    0.321471    0.029163
   -0.806315    0.302181   -0.508471
   -0.144636    0.415158   -0.898179
   -0.783746    0.450730   -0.427300
   -0.653796    0.615507   -0.440115
   -0.883500    0.276502   -0.378120
    0.124513   -0.796533   -0.591635
   -0.523300   -0.681470   -0.511622
   -0.665103   -0.463474   -0.585517
   -0.764362    0.129204   -0.631709
    0.552178   -0.123813   -0.824481
   -0.632451   -0.768377   -0.097997
   -0.178623   -0.524000   -0.832777
   -0.870260   -0.409125   -0.274343
   -0.090572   -0.087551   -0.992034
   -0.474439   -0.181129   -0.861452
   -0.580613   -0.035088   -0.813423
   -0.710275   -0.598324    0.370835
   -0.902272    0.152225    0.403401
   -0.810732   -0.229629   -0.538501
   -0.922227   -0.355387   -0.152308
   -0.997174   -0.053425   -0.052811
   -0.299671   -0.208922    0.930886
   -0.268490   -0.411854    0.870798
   -0.576163   -0.718403   -0.389787
   -0.580100   -0.679634   -0.448977
   -0.762699   -0.464801    0.449722
   -0.327937   -0.885540    0.329054
    0.097819   -0.883951   -0.457233
   -0.166908    0.821240   -0.545625
   -0.368801    0.461553   -0.806818
   -0.750309    0.224329   -0.621863
   -0.567668    0.652973   -0.501378
   -0.540168   -0.768041    0.343993
   -0.885449   -0.226358   -0.405885
   -0.688525   -0.663107   -0.293637
   -0.578474   -0.602967   -0.549363
   -0.881717   -0.348230   -0.318295
    0.349627   -0.812845   -0.465879
   -0.641285   -0.526274   -0.558381
   -0.946136    0.021217   -0.323075
   -0.784023   -0.173584   -0.595967
   -0.257072    0.821521   -0.508938
   -0.309431   -0.848758    0.428792
   -0.955514    0.060530    0.288668
   -0.547585    0.580076    0.603044
   -0.927262    0.265408   -0.264089
   -0.847599   -0.523041    0.089465
   -0.990422    0.058718    0.124962
   -0.125245    0.289065   -0.949081
   -0.602008    0.654225   -0.457794
   -0.587997   -0.808270   -0.030956
   -0.872116    0.361584   -0.329653
   -0.767367    0.582643    0.267722
   -0.913913    0.321490    0.247806
   -0.647433   -0.757459    0.084183
   -0.967490    0.124738    0.220009
   -0.909926    0.405052    0.089262
   -0.652468    0.300765   -0.695576
   -0.899384   -0.316733    0.301312
   -0.976779    0.103170    0.187775
   43.421053
   -0.420152    0.519844    0.743797
   -0.270746   -0.356025    0.894395
   -0.589186    0.019608    0.807760
   -0.648030   -0.473578   -0.596474
   -0.430145    0.901732    0.043065
   -0.816446   -0.420228    0.396011
   -0.821018   -0.243927    0.516168
   -0.931126    0.357971    0.069725
   -0.999297   -0.009666    0.036227
   -0.922025    0.054673   -0.383250
   -0.841556   -0.540096    0.008974
   -0.852696    0.401378    0.334372
   -0.393150   -0.023121    0.919184
   -0.633981    0.488471    0.599554
   -0.450642    0.615783    0.646323
   -0.549993    0.651554   -0.522480
    0.737644    0.674981   -0.016824
   -0.379430   -0.389070    0.839439
   -0.642347   -0.408602    0.648409
   -0.979516   -0.168168    0.110762
   -0.513524    0.816578    0.263616
   -0.113870    0.405525    0.906964
   -0.811062    0.099716    0.576399
   -0.690336   -0.546363    0.474262
   -0.963232   -0.141895    0.228143
   -0.826526   -0.562366   -0.024474
   -0.508490   -0.855279    0.099682
   -0.869064   -0.123889   -0.478935
   -0.833685   -0.112515    0.540656
   -0.751562    0.595465    0.283859
   -0.950955   -0.302849    0.062980
   -0.366698   -0.880227    0.301218
   -0.876299    0.403124    0.263802
   -0.993065    0.075603   -0.090034
   -0.826567   -0.180522    0.533103
   -0.554197   -0.831226   -0.043930
   -0.871768   -0.222614    0.436421
    0.012801    0.431809   -0.901874
   -0.872015   -0.473621    0.123581
   -0.437992    0.353970    0.826358
   -0.817382    0.298839   -0.492526
   -0.550595    0.326268   -0.768371
   -0.990725   -0.095876   -0.096292
   -0.825036   -0.500893   -0.261577
   -0.950777   -0.102616   -0.292391
   -0.264737    0.467988    0.843150
   -0.875577    0.092228   -0.474193
   -0.230340   -0.932080   -0.279591
   -0.622881    0.617826    0.479907
   -0.674456    0.732325   -0.093862
   -0.935740   -0.352622    0.006921
   -0.929412    0.346158   -0.127937
   -0.606373    0.672435    0.424432
   -0.913782   -0.019335    0.405746
   -0.730511   -0.654803    0.193871
   -0.937474    0.309999    0.158253
   -0.172826   -0.699264    0.693657
   -0.963460   -0.057159   -0.261684
   -0.359443   -0.837159    0.412269
   -0.970220   -0.093854   -0.223303
   -0.514954    0.393969    0.761322
   -0.124890   -0.073671    0.989432
   -0.707682    0.676542    0.203658
   -0.878281   -0.431512    0.205961
   46.052632
   -0.852747   -0.421823   -0.308038
   -0.901248    0.248105   -0.355242
   -0.348424    0.923727    0.159153
   -0.687962   -0.358262    0.631156
    0.381806    0.677708    0.628439
   -0.635023    0.343876    0.691733
   -0.386961    0.912260   -0.134324
   -0.713475    0.625729   -0.315306
    0.270473    0.928621   -0.253983
   -0.759440    0.302671    0.575883
   -0.707257   -0.563035    0.427527
   -0.462250    0.662818    0.589065
   -0.516875    0.649120    0.558108
   -0.780196    0.572578    0.251892
   -0.593831    0.467210    0.655041
    0.025954    0.795543    0.605341
   -0.572699   -0.252351    0.779959
   -0.198504   -0.979856    0.021869
   -0.055292    0.658562    0.750493
   -0.710417    0.632815    0.307981
    0.061216   -0.605388    0.793573
   -0.842412   -0.537383   -0.039515
    0.078137    0.993600    0.081571
   -0.375433    0.919713   -0.114794
    0.391265    0.913259    0.113444
   -0.557553    0.198330    0.806102
   -0.100100    0.931051    0.350890
    0.062631    0.612572    0.787929
   -0.413330    0.730204    0.544022
   -0.680820    0.528998    0.506601
   -0.402592    0.882901    0.241673
   -0.128042    0.923475    0.361661
    0.302113   -0.925901    0.226793
   -0.715206   -0.386316    0.582444
    0.004474    0.851668    0.524063
    0.666997    0.715525    0.207699
   -0.065456    0.504182    0.861113
   -0.056428    0.214094    0.975182
   -0.098427    0.992654    0.070360
    0.106593    0.872548   -0.476759
    0.184768    0.979615    0.078841
   -0.421096    0.901834   -0.096821
    0.244232    0.743530    0.622506
    0.586876    0.460052    0.666279
    0.596701    0.466189   -0.653158
   -0.442615    0.416685    0.794019
    0.506314    0.862314   -0.007814
    0.164457    0.972318   -0.165987
   -0.068260   -0.897713    0.435261
    0.677906   -0.692939    0.245517
    0.980534    0.193509   -0.033284
    0.084168    0.222308    0.971337
   -0.571865    0.336422    0.748192
    0.149517    0.880456    0.449935
    0.779574   -0.626246    0.008996
    0.616523    0.261988    0.742470
   -0.258617    0.724707    0.638685
   -0.444980    0.863478    0.237483
    0.454194    0.887013    0.083162
    0.387909    0.251983    0.886584
    0.070549    0.867973    0.491575
   -0.262165    0.942937    0.205279
   -0.498022    0.662742    0.559238
    0.405353    0.675022    0.616469
   48.684211
    0.191093    0.570378   -0.798844
    0.490082    0.237752   -0.838626
    0.249138    0.725269   -0.641806
   -0.994477   -0.028936    0.100887
    0.390202    0.784866    0.481381
    0.619858   -0.131203    0.773668
   -0.614633   -0.676021   -0.406475
   -0.259047    0.054252   -0.964340
   -0.369457   -0.928632   -0.033826
   -0.395670   -0.901466   -0.175508
    0.175018   -0.588351   -0.789438
    0.019500    0.117171   -0.992920
   -0.480268    0.285206   -0.829458
   -0.220918    0.283200   -0.933270
   -0.199068    0.532748   -0.822527
   -0.643786   -0.566688    0.514203
   -0.074087    0.277860   -0.957760
   -0.568061   -0.772342    0.284242
    0.213619   -0.216813   -0.952554
   -0.393309   -0.653216   -0.647006
    0.970406   -0.059228   -0.234104
   -0.561726   -0.603025   -0.566414
    0.325408   -0.925472   -0.193937
    0.287077   -0.524973   -0.801243
    0.662858   -0.622478   -0.416102
   -0.394432   -0.635136    0.664098
    0.428501   -0.900577   -0.073134
    0.017878    0.583082   -0.812216
    0.530149   -0.846275   -0.052543
    0.891671   -0.447699   -0.067003
    0.207704   -0.960901   -0.183107
    0.472043   -0.641219   -0.604991
    0.286483    0.763852   -0.578323
    0.893548   -0.448775    0.013156
    0.923742    0.102717   -0.368986
    0.300106    0.465711   -0.832496
    0.608761    0.037764   -0.792455
    0.984781   -0.000098    0.173802
    0.934541    0.303230    0.186239
    0.232930    0.422530   -0.875906
    0.897323    0.371896   -0.237706
    0.448752   -0.871741   -0.196696
    0.590878   -0.795041   -0.137012
    0.967387    0.034995   -0.250873
    0.810160    0.469278   -0.351310
   -0.151827   -0.972246    0.178008
    0.480378   -0.402777   -0.779107
    0.925623   -0.053175   -0.374693
    0.344144   -0.257743   -0.902847
    0.691368   -0.450103   -0.565170
   -0.494008    0.717161   -0.491566
   -0.009275    0.149772   -0.988677
   -0.156699   -0.606275   -0.779664
    0.339512   -0.940602   -0.000216
   -0.801943   -0.131379    0.582775
    0.464928   -0.646223   -0.605175
   -0.342903   -0.090862   -0.934966
   -0.374920    0.114111   -0.920007
   -0.879916   -0.250248   -0.403886
    0.522184    0.492824   -0.696024
    0.617579    0.447388   -0.646869
   -0.578209   -0.529042   -0.621119
   -0.807716    0.278935   -0.519413
    0.499013    0.864961   -0.053178
   51.315789
    0.925439   -0.355787   -0.130305
   -0.125355    0.595536   -0.793488
    0.473314   -0.344255    0.810840
   -0.013557    0.817910    0.575186
    0.768291   -0.633198   -0.093753
   -0.655372   -0.495449   -0.570103
   -0.224078   -0.581101   -0.782375
    0.094305    0.984913    0.145094
    0.229895    0.635447   -0.737126
    0.631379   -0.028833   -0.774939
   -0.417285    0.674514   -0.609018
   -0.263882    0.697972    0.665733
    0.647509   -0.605367    0.462885
   -0.458198    0.513394   -0.725590
   -0.928954    0.255172   -0.268202
   -0.673206    0.079555    0.735163
    0.270205    0.902884   -0.334351
   -0.646609    0.698480   -0.306631
   -0.711849   -0.029597   -0.701709
    0.254741   -0.126097    0.958753
    0.711575    0.486341    0.507084
   -0.312725    0.008466   -0.949806
   -0.755079    0.648198    0.098459
    0.124099    0.979619   -0.157944
    0.731243    0.533330   -0.425256
   -0.319836   -0.165725   -0.932867
   -0.175970    0.588045    0.789454
   -0.865487    0.453317    0.213158
    0.954456   -0.251793   -0.160041
   -0.786708    0.175339   -0.591901
    0.372830    0.725370   -0.578650
    0.734957   -0.422919    0.530074
    0.724504   -0.124518    0.677930
    0.193091    0.462737    0.865211
   -0.097471    0.775808    0.623395
    0.962252   -0.228199    0.148311
    0.865813   -0.046177    0.498232
    0.919890   -0.322796   -0.222724
    0.840851    0.346407   -0.415899
   -0.153813    0.941386    0.300222
    0.941251    0.150948    0.302096
    0.138850    0.809255   -0.570812
    0.243935    0.433106    0.867707
   -0.268464    0.767348    0.582327
    0.646944    0.211729    0.732553
    0.515222    0.711844    0.477310
    0.434372    0.864961    0.251323
    0.856153    0.483322   -0.182763
    0.580262    0.447495   -0.680473
    0.546529   -0.836952   -0.028579
    0.318437   -0.776929    0.543119
   -0.648917   -0.736026   -0.192804
    0.584772    0.069973   -0.808174
    0.979381    0.188276    0.073244
    0.900350    0.320453   -0.294414
   -0.078159    0.996491   -0.029948
    0.810093    0.200763   -0.550858
   -0.376052    0.252814   -0.891442
    0.633544    0.434259   -0.640345
    0.408905   -0.513902    0.754123
    0.551069   -0.424253   -0.718562
   -0.857233    0.511316   -0.060893
    0.032339    0.888845   -0.457066
    0.791627   -0.282108   -0.541980
   53.947368
    0.630182   -0.578079    0.518358
    0.515183   -0.821160   -0.245525
   -0.580865   -0.268685   -0.768378
   -0.993327   -0.094548   -0.066046
   -0.815623   -0.417062   -0.401022
   -0.656100   -0.704798   -0.269800
   -0.222112   -0.759961   -0.610840
   -0.841521    0.473919    0.259314
   -0.722649   -0.551821    0.416259
   -0.029349   -0.465315    0.884658
   -0.457706    0.840070   -0.291182
   -0.375605   -0.260399    0.889445
   -0.428642    0.808465    0.403299
    0.580884   -0.596773    0.553566
   -0.399040   -0.486811   -0.777034
   -0.961993    0.189927    0.196205
   -0.971965    0.222355   -0.076439
    0.007506   -0.363226   -0.931671
    0.770191   -0.600812   -0.214082
   -0.417025   -0.822151   -0.387502
   -0.380575   -0.772524   -0.508301
   -0.413280   -0.540727   -0.732676
    0.165452   -0.883919    0.437392
   -0.494859   -0.868830    0.015784
    0.685260   -0.534313   -0.494903
   -0.906449   -0.184103    0.380074
    0.392996   -0.862829   -0.317931
   -0.173135   -0.976270    0.130085
   -0.196694   -0.442020    0.875174
   -0.644536   -0.612765    0.457266
   -0.250463   -0.762968    0.595944
    0.544049    0.830276    0.121051
   -0.716780   -0.327994    0.615343
   -0.128871   -0.580223   -0.804198
   -0.102006   -0.978933   -0.176875
   -0.001654   -0.875904   -0.482482
   -0.797903    0.035879    0.601717
    0.540032   -0.160176   -0.826262
    0.931043   -0.201415    0.304286
    0.578360   -0.654325   -0.487195
   -0.649557   -0.756925    0.071696
   -0.796769   -0.439188   -0.415058
    0.576826    0.293289    0.762400
    0.131643   -0.275013   -0.952385
   -0.777119    0.587714    0.225120
   -0.825587   -0.492909    0.274676
    0.259153   -0.696834    0.668776
   -0.740091   -0.445578    0.503711
   -0.636454   -0.636900    0.435069
    0.103431   -0.891095    0.441872
   -0.519780   -0.777889   -0.353154
   -0.990448    0.095573   -0.099394
   -0.779237   -0.491500    0.388867
   -0.308549   -0.814294   -0.491653
   -0.300508   -0.558939   -0.772840
   -0.955435    0.202202   -0.215077
   -0.034166   -0.248318   -0.968076
   -0.702717   -0.695322   -0.150721
    0.182676   -0.971373   -0.151867
   -0.847276   -0.523177    0.091705
   -0.078858    0.698537    0.711215
   -0.063858   -0.835902    0.545152
    0.324933   -0.867914   -0.375690
   -0.956947    0.217300    0.192439
   56.578947
   -0.358069   -0.527883    0.770147
    0.615213    0.786788   -0.049781
    0.948494    0.234136   -0.213401
   -0.199958   -0.825311   -0.528090
   -0.284409   -0.956818    0.060088
    0.807492   -0.031903   -0.589015
    0.062959    0.847814   -0.526542
   -0.630885   -0.705336    0.323241
   -0.902927    0.371105    0.216805
    0.428699   -0.437908   -0.790224
    0.025943   -0.708399   -0.705335
    0.140551    0.830707   -0.538675
    0.221862    0.530349    0.818234
   -0.977204   -0.190931   -0.092834
   -0.226805   -0.889291   -0.397140
    0.619212   -0.636717    0.459531
    0.618274   -0.112949    0.777804
    0.265525    0.585577   -0.765896
    0.668486    0.737940   -0.092579
    0.330242    0.397014   -0.856341
   -0.322931    0.878519    0.352021
   -0.154281   -0.458470   -0.875216
    0.372721    0.704072   -0.604452
   -0.784832   -0.537837   -0.307848
   -0.572660    0.454252    0.682434
    0.495010   -0.304776   -0.813681
    0.072994    0.142752   -0.987063
   -0.497993    0.860181   -0.109963
    0.661743   -0.558352    0.500338
    0.155691   -0.833554   -0.530045
    0.222712   -0.810001   -0.542492
    0.573639   -0.455634   -0.680688
    0.675305    0.486761    0.554100
    0.377615   -0.462643    0.802102
    0.013549    0.842869    0.537948
    0.341198    0.069480    0.937420
    0.256287    0.966487    0.014857
    0.279119   -0.865325   -0.416300
    0.967690    0.247897   -0.046070
    0.955924    0.211256    0.203913
   -0.714204    0.657024    0.241315
    0.926810   -0.224699   -0.300889
    0.142851   -0.737920   -0.659596
    0.989679    0.074720    0.122278
    0.266156    0.107455    0.957922
   -0.332646   -0.673195    0.660421
    0.982781    0.145587    0.113779
    0.525422   -0.827148   -0.199392
    0.740975   -0.670977    0.027311
    0.257883    0.835184    0.485760
   -0.596866    0.796111    0.099790
   -0.327851   -0.915314    0.233912
    0.426759   -0.878260   -0.215719
   -0.120350   -0.864845    0.487400
   -0.576804   -0.459528    0.675375
   -0.066094   -0.959223   -0.274815
   -0.339442   -0.718558   -0.607004
    0.285213   -0.382108   -0.879003
   -0.874868   -0.209242   -0.436834
    0.578639   -0.523922   -0.625046
    0.030912   -0.607643   -0.793608
   -0.674270   -0.040202   -0.737390
   -0.792575   -0.316202   -0.521384
   -0.705121   -0.413029   -0.576378
   59.210526
    0.626081    0.762292    0.164117
   -0.478334    0.405535   -0.778933
   -0.999531    0.021440   -0.021875
   -0.126062    0.989066   -0.076532
    0.991112   -0.122561    0.051721
    0.263386   -0.453401   -0.851502
   -0.575406    0.787288   -0.221552
   -0.060227    0.842316    0.535609
    0.847506    0.508561   -0.151986
    0.990449   -0.121404    0.065359
    0.907929   -0.406079    0.103754
    0.927238    0.239554    0.287828
    0.720458   -0.157228   -0.675440
    0.635050   -0.317269   -0.704309
    0.516842   -0.191771   -0.834325
    0.859832   -0.073929   -0.505196
    0.509432    0.535937    0.673239
   -0.941272   -0.275867    0.194692
   -0.094841    0.978376    0.183810
    0.399332    0.915406    0.050653
   -0.162695    0.536633   -0.827983
   -0.398131    0.634664   -0.662340
   -0.103987    0.547948   -0.830024
    0.888774    0.365018   -0.277206
    0.998037    0.033655   -0.052814
    0.966902   -0.158889   -0.199636
    0.465335   -0.565119   -0.681252
    0.912418    0.162252   -0.375723
    0.306453    0.951877   -0.003979
    0.664410    0.654948    0.360004
    0.979924   -0.188882   -0.063816
    0.770440    0.628348    0.107707
   -0.852345   -0.487193   -0.190133
   -0.578472    0.309653   -0.754642
    0.496771    0.609329    0.618011
   -0.652111   -0.712696    0.258485
   -0.701793    0.702911    0.115766
   -0.307384   -0.254971   -0.916791
   -0.476122    0.743445   -0.469678
    0.432415   -0.422572   -0.796524
    0.905169   -0.398608   -0.147583
    0.459420   -0.242192    0.854562
    0.938474    0.344420    0.025326
    0.847122   -0.500926    0.177365
   -0.481965    0.382703    0.788193
    0.865902    0.472875   -0.163101
    0.939716   -0.341950   -0.001888
    0.419618   -0.055502   -0.906002
    0.987119   -0.060830    0.147974
    0.134497   -0.193952    0.971747
   -0.140501    0.852540   -0.503424
   -0.046533   -0.174901   -0.983486
    0.012819    0.206849   -0.978289
    0.893234   -0.214989    0.394857
    0.635872   -0.525189   -0.565547
    0.259082    0.071044   -0.963239
    0.529074   -0.213629   -0.821245
    0.883582   -0.467786   -0.021408
    0.912032   -0.141359   -0.384986
    0.869357    0.418409    0.262968
    0.739023   -0.613704   -0.277870
    0.662919    0.649565   -0.372295
    0.645073    0.710260   -0.281802
    0.456276    0.023956   -0.889516
   61.842105
    0.493927   -0.710412    0.501348
   -0.195298   -0.920064    0.339620
    0.248791   -0.924037    0.290274
   -0.096719   -0.989117   -0.110870
   -0.082331    0.106634    0.990884
   -0.150941   -0.281542    0.947603
    0.810015   -0.500616    0.305384
   -0.693377    0.129469    0.708849
   -0.472092   -0.509174    0.719633
   -0.603779    0.532903    0.592845
    0.649294   -0.536304    0.539254
    0.368231   -0.813598    0.449961
   -0.668898    0.082545    0.738757
   -0.258001   -0.462275    0.848373
   -0.232710    0.727104    0.645884
   -0.605006   -0.570372    0.555557
   -0.895563   -0.405581    0.182948
    0.447876    0.120215   -0.885977
    0.894309   -0.447397   -0.006889
    0.426048   -0.388749    0.816920
   -0.082079   -0.164316    0.982987
   -0.872696    0.487897    0.018945
    0.017996   -0.250277    0.968007
   -0.535983   -0.666028   -0.518776
    0.562987   -0.812496    0.151314
   -0.114605    0.910954    0.396269
    0.459117   -0.887532    0.038716
    0.495062   -0.618022    0.610707
   -0.498917   -0.703174    0.506585
    0.268913   -0.563588   -0.781059
    0.266130   -0.932536    0.244032
    0.115933   -0.982042   -0.148839
   -0.819961   -0.531936   -0.211442
    0.257625    0.004952    0.966232
   -0.015801    0.535973    0.844087
    0.541649   -0.840604    0.001278
    0.362815   -0.896626    0.253824
   -0.911033    0.036064    0.410753
    0.032703    0.091129    0.995302
    0.507413   -0.736747    0.446918
   -0.875740   -0.046718    0.480517
   -0.144899    0.573904    0.806002
   -0.539734   -0.408787   -0.735921
   -0.629024   -0.770400    0.103983
    0.434157    0.693188    0.575325
   -0.003728   -0.868595   -0.495508
   -0.647507   -0.714220    0.265753
   -0.491384   -0.840774   -0.227247
   -0.104435    0.061483    0.992629
    0.954494   -0.295184   -0.042514
    0.139562    0.086981    0.986386
    0.904766    0.419802    0.071860
    0.126164   -0.078435    0.988904
   -0.356941    0.407629    0.840495
    0.491876   -0.238468    0.837371
    0.288038    0.416934   -0.862091
   -0.778860   -0.525878   -0.341802
    0.221552    0.513758    0.828835
    0.720663    0.626008    0.297923
   -0.397340   -0.917651    0.006142
   -0.121174   -0.903142    0.411888
    0.640341   -0.500732    0.582436
    0.544472    0.786903    0.290404
    0.076884   -0.311858    0.947013
   64.473684
   -0.313274   -0.100298    0.944352
   -0.124614   -0.434708   -0.891908
   -0.971642   -0.191303    0.138975
    0.409072   -0.780340    0.473000
    0.467224    0.356930    0.808890
    0.765469   -0.513577    0.387679
   -0.045515   -0.006205    0.998944
    0.748812    0.210288    0.628537
   -0.684685   -0.728784    0.009002
    0.433093   -0.198058   -0.879320
    0.916770   -0.359883   -0.173256
   -0.749554    0.642909    0.157595
   -0.627862    0.768055    0.126021
   -0.768201   -0.539743   -0.344304
    0.433297    0.365818    0.823669
   -0.185816    0.461358    0.867537
   -0.105464   -0.907248   -0.407159
    0.695765   -0.122485   -0.707748
   -0.867286    0.120158    0.483091
    0.010618    0.823132   -0.567751
    0.322347    0.224926    0.919511
    0.878242   -0.051042   -0.475485
   -0.934092    0.191982    0.301022
    0.440707   -0.720681   -0.535161
    0.412364   -0.904680    0.107288
    0.142420    0.818866   -0.556036
   -0.284062    0.664341    0.691347
    0.497370   -0.605982   -0.620813
   -0.849589   -0.460397    0.257357
   -0.253004    0.940982    0.224815
   -0.560424   -0.504998    0.656431
    0.210935    0.964628    0.158114
    0.133446   -0.621788    0.771733
   -0.234597    0.009142   -0.972050
    0.409154    0.477690   -0.777435
   -0.747107   -0.175024    0.641247
   -0.405031    0.749481    0.523668
   -0.067855    0.782765    0.618607
   -0.403747    0.912193   -0.069947
    0.236195   -0.783159   -0.575216
   -0.428197    0.344081    0.835617
   -0.280266    0.958581    0.050726
    0.080084   -0.587877    0.804977
    0.686941   -0.136168   -0.713842
    0.481979    0.073755    0.873073
   -0.419382    0.827993   -0.372218
   -0.109662   -0.634694   -0.764943
   -0.722176    0.598256    0.347206
   -0.853241    0.519718    0.043287
    0.066400   -0.359450   -0.930799
    0.632805   -0.711983   -0.304367
    0.493736   -0.843541   -0.211339
    0.194550    0.923675    0.330114
   -0.140327    0.989656   -0.029839
   -0.157962   -0.596924    0.786594
    0.970842   -0.223708    0.086145
   -0.761286    0.364268    0.536426
   -0.838890   -0.048941    0.542096
   -0.317872   -0.835527    0.448166
   -0.482531   -0.547230    0.683888
   -0.647751    0.294626    0.702577
   -0.024959   -0.899064    0.437106
    0.159876   -0.798413   -0.580496
    0.480753   -0.639768    0.599644
   67.105263
    0.942798   -0.328880    0.054495
    0.588674    0.804389    0.080130
    0.068416    0.731507    0.678392
    0.779995    0.040133   -0.624498
   -0.495446   -0.095584    0.863364
    0.968705   -0.236158    0.076417
    0.557385    0.160650   -0.814563
   -0.272365   -0.905462   -0.325509
   -0.828713    0.559558    0.011421
    0.307948    0.943978   -0.118628
    0.688839   -0.119180   -0.715050
    0.480642   -0.856774    0.186873
   -0.022568   -0.368190    0.929477
   -0.550063    0.834531   -0.031441
    0.798471    0.598993   -0.060418
    0.470950   -0.014471    0.882041
    0.907276   -0.393199   -0.149147
    0.917694    0.289355    0.272234
    0.690304   -0.224763    0.687723
    0.942171   -0.279040   -0.185606
   -0.910153   -0.359787    0.205365
    0.775950   -0.156116    0.611171
   -0.549724    0.188777    0.813736
    0.369417   -0.254763    0.893659
    0.635873    0.385473    0.668637
    0.018795   -0.957366    0.288265
   -0.311721   -0.667088   -0.676626
    0.827955    0.358773    0.431013
    0.132703   -0.986212    0.098868
    0.648812   -0.760924   -0.006051
    0.712962   -0.389927   -0.582788
    0.292135   -0.433544    0.852465
   -0.492884    0.508055    0.706361
   -0.264246    0.789752    0.553594
    0.277123    0.810300   -0.516349
   -0.087175    0.960492   -0.264304
    0.202569   -0.831071    0.517964
    0.652001    0.725432   -0.220551
   -0.588985    0.807873    0.020945
   -0.536280    0.627436   -0.564559
   -0.952215   -0.271161   -0.140562
   -0.973572    0.223599   -0.046479
   -0.478536   -0.384615    0.789351
   -0.246653    0.157902    0.956153
    0.245785   -0.960087   -0.133504
    0.261714    0.963098   -0.062837
    0.250732    0.057904   -0.966323
    0.501463   -0.790015    0.352720
    0.927117    0.362146   -0.096462
    0.871437    0.488692    0.042153
    0.631113    0.774312    0.046231
    0.779261   -0.262358   -0.569140
    0.618703   -0.207499    0.757728
    0.769109   -0.043476    0.637637
    0.724834    0.654207   -0.215937
    0.568256   -0.494754   -0.657498
    0.918145   -0.280793    0.279579
   -0.769623   -0.182081   -0.611986
   -0.676633   -0.733518    0.064183
   -0.110833    0.991255   -0.071616
    0.941583   -0.324217    0.091127
   -0.195589    0.833019    0.517518
    0.256914    0.662408   -0.703712
    0.278127    0.086157   -0.956673
   69.736842
   -0.155256    0.929135    0.335565
    0.829726   -0.555657   -0.052913
    0.220642   -0.906063    0.361064
   -0.623318    0.777980    0.078877
   -0.638935    0.582472    0.502482
   -0.325094   -0.753616   -0.571293
   -0.512390   -0.418537    0.749856
    0.691078   -0.252401    0.677278
   -0.765579    0.273806   -0.582167
   -0.609263   -0.741388   -0.281320
    0.171249   -0.985221   -0.003537
    0.544284   -0.413812   -0.729736
   -0.630943    0.739198   -0.235578
    0.778001   -0.490838   -0.392163
    0.988313    0.087906    0.124539
   -0.868028   -0.351130    0.351050
   -0.831064    0.145236   -0.536879
    0.207847   -0.902356    0.377562
    0.259911    0.335271    0.905560
    0.542046   -0.384405    0.747275
   -0.984340   -0.176250    0.003183
    0.393939   -0.903422   -0.169235
    0.011972   -0.951355    0.307864
    0.489060    0.535193    0.688758
   -0.409223   -0.834653   -0.368634
    0.493192    0.215133    0.842899
    0.778701    0.603316    0.172148
    0.493205   -0.527003    0.692110
   -0.993100   -0.113055   -0.031159
    0.713300   -0.609542   -0.345921
    0.379194   -0.244568    0.892412
   -0.233761   -0.230837    0.944495
   -0.150174   -0.318745    0.935868
   -0.531424   -0.831614   -0.161266
    0.270235    0.648964    0.711210
    0.254862    0.953030    0.163646
    0.381162    0.623488    0.682626
   -0.600707    0.377094   -0.704948
    0.857136    0.513052   -0.045774
   -0.440316    0.892402    0.098696
   -0.644838   -0.464843   -0.606717
    0.624016    0.758489    0.187879
    0.201927    0.964386    0.170838
   -0.162008   -0.092444    0.982450
   -0.176533   -0.471638    0.863941
    0.388510    0.759440    0.521834
   -0.851052   -0.432610    0.297587
   -0.486481    0.086814    0.869367
    0.564208   -0.808698    0.166364
   -0.035492   -0.990647    0.131756
    0.395151   -0.866142    0.306031
    0.182035    0.582475   -0.792203
   -0.243309   -0.961680   -0.126381
    0.388380    0.055352    0.919835
    0.407644   -0.133911   -0.903269
    0.239291    0.214129   -0.947042
    0.178650   -0.322378   -0.929600
    0.760126   -0.610295    0.223043
   -0.723207   -0.196405    0.662115
    0.205248   -0.870283   -0.447752
    0.792627    0.576577    0.198246
    0.479128   -0.550237    0.683868
    0.823179   -0.566810    0.033200
   -0.508191   -0.859785    0.050113
   72.368421
   -0.014183    0.788665    0.614660
    0.025700    0.668696   -0.743092
   -0.503078    0.805274   -0.313760
   -0.396472    0.474138   -0.786132
    0.602258    0.770026   -0.210585
    0.632485    0.085713   -0.769816
   -0.315005    0.937263    0.149367
    0.295164    0.949486   -0.106555
   -0.086667    0.665848   -0.741037
    0.183184    0.290933   -0.939043
    0.660789   -0.218070   -0.718194
   -0.913544    0.280746   -0.294312
   -0.336004    0.871613   -0.356919
    0.677928    0.259694   -0.687730
   -0.321792    0.266138   -0.908637
   -0.420584   -0.264024   -0.867986
    0.758714    0.298739    0.578885
    0.019461    0.616208   -0.787343
    0.766254    0.597609    0.236047
   -0.884958   -0.076232    0.459389
   -0.244970   -0.716040   -0.653664
    0.646667    0.360119   -0.672411
    0.535829    0.840751   -0.077620
    0.007028    0.830691   -0.556689
    0.539595    0.056174   -0.840049
    0.854348   -0.166261   -0.492389
    0.888608    0.451085   -0.083055
    0.636463    0.311311   -0.705691
   -0.368305    0.382222   -0.847501
    0.978432   -0.190463    0.079973
   -0.193384   -0.315499   -0.929012
    0.282550   -0.553215   -0.783657
   -0.568857    0.810789   -0.137923
    0.088009    0.951593   -0.294490
    0.642827   -0.042159   -0.764850
    0.630344    0.141462   -0.763319
    0.636758    0.621534   -0.456327
    0.871741   -0.189189   -0.451969
    0.798970    0.388987   -0.458624
   -0.140278    0.974776    0.173592
    0.806680   -0.353427   -0.473663
    0.618934   -0.728483    0.293654
    0.802184    0.204154   -0.561090
   -0.251014   -0.724350   -0.642114
    0.767329    0.023039   -0.640839
    0.500421    0.865737   -0.008866
    0.321223   -0.176105   -0.930485
    0.651891    0.246153   -0.717249
   -0.289336    0.643367    0.708776
    0.223691    0.092410   -0.970269
    0.887752    0.291552   -0.356222
    0.617415    0.784386    0.059478
    0.723576    0.651765   -0.227244
    0.872293    0.426950   -0.238367
    0.968470    0.132523    0.210957
    0.554382    0.301130   -0.775875
    0.627355   -0.675233   -0.387925
    0.885888    0.387228   -0.255453
    0.139537    0.881396   -0.451299
   -0.238783    0.569378   -0.786633
    0.502490   -0.219363   -0.836292
    0.328942    0.883259   -0.334143
    0.265199    0.928512   -0.259873
    0.351632   -0.266213   -0.897488
   75.000000
    0.117304   -0.973708    0.195274
   -0.036760   -0.611319    0.790530
   -0.351021   -0.899881   -0.258842
    0.537151   -0.463044   -0.705024
    0.698313   -0.447722    0.558483
    0.293847   -0.653493    0.697568
    0.418397   -0.889836    0.182030
    0.885276    0.195335   -0.422056
   -0.962725   -0.245057   -0.114492
   -0.080470   -0.411000   -0.908077
    0.450247   -0.680879   -0.577652
    0.527745   -0.129623   -0.839454
   -0.213324    0.884934    0.413986
   -0.852377   -0.257989    0.454857
    0.239590   -0.858811    0.452813
    0.623304    0.743911    0.241018
    0.634713   -0.344604   -0.691656
   -0.594395   -0.804104   -0.010592
   -0.230463   -0.810398   -0.538649
    0.676240   -0.654983   -0.337189
    0.032562   -0.985878   -0.164268
   -0.228286   -0.342496   -0.911363
    0.337152   -0.623753    0.705167
    0.487286   -0.390516    0.781057
    0.882465   -0.211082    0.420356
    0.226179    0.420275   -0.878756
    0.716788    0.571477    0.399536
    0.584697   -0.239167    0.775196
   -0.712580    0.687257    0.141098
   -0.765286   -0.617511    0.181708
   -0.933116   -0.218237    0.285775
   -0.775896   -0.116368   -0.620035
   -0.197523    0.794415   -0.574361
   -0.696752   -0.458126   -0.551957
   -0.518306   -0.762101   -0.388022
    0.911693   -0.226347   -0.342904
   -0.365743   -0.504630   -0.782036
   -0.276826   -0.510106   -0.814346
    0.884266   -0.365900   -0.290155
    0.605977   -0.794103   -0.046816
    0.514966    0.521663    0.680204
   -0.278696    0.131187   -0.951377
   -0.977055    0.211477   -0.025312
    0.284079    0.565179   -0.774514
   -0.228111    0.961557    0.152883
   -0.620378   -0.678481   -0.393440
   -0.053554    0.900727    0.431072
    0.380260   -0.362802    0.850751
    0.981589    0.176952    0.071905
   -0.343133    0.885280   -0.313909
    0.808318   -0.588334    0.022038
    0.724378   -0.510513   -0.463306
    0.962741   -0.218204   -0.159736
    0.931093    0.034071   -0.363186
   -0.140249   -0.923291    0.357580
    0.899191    0.432732    0.064799
    0.967819   -0.246339    0.051418
    0.633108    0.437346   -0.638672
   -0.239048   -0.892337   -0.382872
    0.381111    0.917154    0.116546
   -0.163293   -0.271968   -0.948351
   -0.653889    0.011953   -0.756496
   -0.533713   -0.084439    0.841440
    0.445566    0.703116    0.554165
